Type;Width;Height;Price
PVO;700;600;31607.1
PVO;900;600;31609
PVO;1100;600;31611
PVO;1300;600;31613
PVO;1500;600;31615
PVO;1700;600;31617
PVO;1900;600;31619
PVO;2100;600;31621
PVO;2300;600;31623
PVO;2500;600;31625
PVO;2700;600;31627
PVO;2900;600;31629
PVO;3300;600;31633
PVO;3700;600;31637
PVO;700;800;31807.1
PVO;900;800;31809
PVO;1100;800;31811
PVO;1300;800;31813.1
PVO;1500;800;31815
PVO;1700;800;31817
PVO;1900;800;31819
PVO;2100;800;31821
PVO;2300;800;31823
PVO;2500;800;31825
PVO;2700;800;31827
PVO;2900;800;31829
PVO;3300;800;31833
PVO;3700;800;31837
PVL;700;600;32607
PVL;900;600;32609
PVL;1100;600;32611
PVL;1300;600;32613
PVL;1500;600;32615
PVL;1700;600;32617
PVL;1900;600;32619
PVL;2100;600;32621
PVL;2300;600;32623
PVL;2500;600;32625
PVL;2700;600;32627
PVL;2900;600;32629
PVL;3300;600;32633
PVL;3700;600;32637
PVL;700;800;32807
PVL;900;800;32809
PVL;1100;800;32811
PVL;1300;800;32813
PVL;1500;800;32815
PVL;1700;800;32817
PVL;1900;800;32819
PVL;2100;800;32821
PVL;2300;800;32823
PVL;2500;800;32825
PVL;2700;800;32827
PVL;2900;800;32829
PVL;3300;800;32833
PVL;3700;800;32837
