Type;Width;Height;Price
PVO;700;600;21607
PVO;900;600;21609
PVO;1100;600;21611
PVO;1300;600;21613
PVO;1500;600;21615
PVO;1700;600;21617
PVO;1900;600;21619
PVO;2100;600;21621
PVO;2300;600;21623
PVO;2500;600;21625
PVO;2700;600;21627
PVO;2900;600;21629
PVO;3300;600;21633
PVO;3700;600;21637
PVO;700;800;21807
PVO;900;800;21809
PVO;1100;800;21811
PVO;1300;800;21813
PVO;1500;800;21815
PVO;1700;800;21817
PVO;1900;800;21819
PVO;2100;800;21821
PVO;2300;800;21823
PVO;2500;800;21825
PVO;2700;800;21827
PVO;2900;800;21829
PVO;3300;800;21833
PVO;3700;800;21837
PVL;700;600;22607
PVL;900;600;22609
PVL;1100;600;22611
PVL;1300;600;22613
PVL;1500;600;22615
PVL;1700;600;22617
PVL;1900;600;22619
PVL;2100;600;22621
PVL;2300;600;22623
PVL;2500;600;22625
PVL;2700;600;22627
PVL;2900;600;22629
PVL;3300;600;22633
PVL;3700;600;22637
PVL;700;800;22807
PVL;900;800;22809
PVL;1100;800;22811
PVL;1300;800;22813
PVL;1500;800;22815
PVL;1700;800;22817
PVL;1900;800;22819
PVL;2100;800;22821
PVL;2300;800;22823
PVL;2500;800;22825
PVL;2700;800;22827
PVL;2900;800;22829
PVL;3300;800;22833
PVL;3700;800;22837
