Type;Width;Height;Price
PVO;700;600;11607
PVO;900;600;11609
PVO;1100;600;11611
PVO;1300;600;11613
PVO;1500;600;11615
PVO;1700;600;11617
PVO;1900;600;11619
PVO;2100;600;11621
PVO;2300;600;11623
PVO;2500;600;11625
PVO;2700;600;11627
PVO;2900;600;11629
PVO;3300;600;11633
PVO;3700;600;11637
PVO;700;800;11807.1
PVO;900;800;11809.1
PVO;1100;800;11811.1
PVO;1300;800;11813.1
PVO;1500;800;11815.1
PVO;1700;800;11817.1
PVO;1900;800;11819.1
PVO;2100;800;11821.1
PVO;2300;800;11823.1
PVO;2500;800;11825.1
PVO;2700;800;11827.1
PVO;2900;800;11829.1
PVO;3300;800;11833.1
PVO;3700;800;11837.1
PVL;700;600;12607
PVL;900;600;12609
PVL;1100;600;12611
PVL;1300;600;12613
PVL;1500;600;12615
PVL;1700;600;12617
PVL;1900;600;12619
PVL;2100;600;12621
PVL;2300;600;12623
PVL;2500;600;12625
PVL;2700;600;12627
PVL;2900;600;12629
PVL;3300;600;12633
PVL;3700;600;12637
PVL;700;800;12807
PVL;900;800;12809
PVL;1100;800;12811
PVL;1300;800;12813
PVL;1500;800;12815
PVL;1700;800;12817
PVL;1900;800;12819
PVL;2100;800;12821
PVL;2300;800;12823
PVL;2500;800;12825
PVL;2700;800;12827
PVL;2900;800;12829
PVL;3300;800;12833
PVL;3700;800;12837
